<64>
1.03391341575993
0.00772342495744852
6380.18818470059
1128.33145139410
0.822071277675328
0.00665672637083272
2577.67692631801
2349.98459289670
1.03231746527619
0.00859071682741510
1482.43548741986
5903.42833271882
1.09060301207291
0.00932012577993469
2637.12534623511
2030.25833385331
0.512126025526287
0.00267990198210325
27854.5173996725
5609.51711259443
0.559099808825862
0.00480011592355415
7972.56198945584
10360.1113066908
0.517753783991286
0.00653095018858016
4703.73546888533
28888.9039115528
0.635539030938835
0.00553874391729357
10815.3201246954
10773.7898296254
0.431562746711990
0.00541420435784604
144196.817156394
24483.3374664189
0.546426704052469
0.0100654225357403
34917.1336332185
47453.3821575615
0.508659478448419
0.00685642730682345
26508.3704905624
130531.389586047
0.588497768918227
0.00962152275949214
40959.6611037738
47697.7465390884
0.0160329039489344
2.72530414397179e-05
214817.721456077
213528.802072331
2.56343191198842
0.0181229709812281
476.492526728123
518.611713306538
<32>
0.628917117015529
0.00379224006453411
2680.08754533369
474.071418628485
0.459180741422785
0.00378618066621331
1087.20411458004
890.216952703959
0.538485937496976
0.00398949560398411
560.705998983891
2289.85776179978
0.582733410866085
0.00504564238274765
1060.86366951872
803.234361964589
0.272587576445978
0.00155149519335249
9363.31653790617
1836.26434838997
0.310281023558214
0.00320731869185998
3151.32987647362
3431.92695445468
0.294441752830046
0.00315268660998826
1625.23580287780
9210.34537721067
0.328825946923416
0.00284573780749067
3129.60485903711
3268.44233427086
0.0131784585587000
1.94226072549007e-05
10384.4442774541
13121.1013555224
1.66121609000631
0.0111986643786897
249.124828602277
296.028782971251
<16>
0.316536165276495
0.00236778121988821
712.908614600838
172.947569547968
0.284300482041124
0.00226993249442895
327.756931733722
277.815222441777
0.298226916877381
0.00306027854053013
199.519644695426
593.781911445300
0.356635372855447
0.00412956207938890
323.385274479117
253.844983964661
0.00909330194454868
1.01446916807284e-05
872.156811653633
877.289486389359
1.06547106437178
0.00797496124665684
97.2635795043979
113.232204565895
